0 1024 47
1 512 22
2 512 32
3 512 32
4 512 31
5 256 32
6 512 33
7 256 33
8 256 34
9 512 34
10 512 37
11 256 37
12 512 46
13 512 51
14 512 48
15 256 44
16 512 41
17 512 38
18 256 40
19 512 70
20 512 68
21 768 78
22 512 77
23 768 70
24 512 91
25 768 91
26 512 72
27 512 62
28 512 53
29 256 54
30 512 65
31 512 63
32 512 49
33 512 50
34 512 50
35 512 55
36 512 66
37 512 53
38 512 53
39 512 55
40 512 53
41 512 65
42 256 59
43 512 61
44 512 74
45 512 58
46 512 60
47 512 59
48 512 61
49 512 82
50 512 63
51 512 64
52 512 76
53 512 71
54 512 73
55 512 81
56 512 83
57 512 94
58 512 75
59 512 83
60 512 83
61 512 78
62 512 79
63 256 78
64 512 81
65 512 79
66 512 82
67 512 79
68 512 81
69 512 92
70 512 92
71 512 84
72 256 85
73 512 88
74 512 87
75 512 82
76 512 89
77 512 95
78 512 83
79 512 84
80 512 85
81 512 87
82 512 93
83 512 96
84 512 91
85 512 100
86 512 99
87 512 100
88 512 112
89 512 109
90 512 115
91 512 108
92 512 112
93 512 110
94 512 120
95 512 104
96 512 91
97 512 95
98 512 97
99 512 96
100 768 181
